("Banana",(32.0,65.0),[1,0,1,1,1,1,1])
("Cardiff",(51.5,-3.2),[1,0,11,12,8,15,0])
("Norwich",(52.6,1.3),[1,0,10,0,6,5,0])
("Birmingham",(52.5,-1.9),[1,0,9,0,2,10,7])
("Liverpool",(53.4,-3.0),[1,0,8,8,16,20,3])
("Hull",(53.8,-0.3),[1,0,7,0,6,5,0])
("Newcastle",(55.0,-1.6),[1,0,6,0,0,8,3])
("Belfast",(54.6,-5.9),[1,0,5,10,18,14,0])
("Glasgow",(55.9,-4.3),[1,0,4,7,5,3,0])
("Plymouth",(50.4,-4.1),[1,0,3,4,9,0,0])
("Aberdeen",(57.1,-2.1),[1,0,2,0,0,6,5])
("Stornoway",(58.2,-6.4),[1,0,1,15,6,15,0])
("Lerwick",(60.2,-1.1),[1,0,0,8,10,5,5])
("St Helier",(49.2,-2.1),[1,0,-1,0,0,0,0])
